3D_Data	   Leaf1	 Leaf2	 Leaf3	 Leaf4	Median1to4
13054700	59.2432	57.1137	63.1982	67.9137	61.2207
13030800	22.4958	26.0552	17.6879	28.3435	24.2755
13037000	22.0982	65.1805	21.4028	45.6911	33.89465
13055200	16.3117	25.7264	17.7208	36.9117	21.7236
13031300	54.297	63.5854	66.2733	64.1321	63.85875
13055500	52.9533	59.942	53.3526	100.478	56.6473

Manual_Data	Leaf1	Leaf2	Leaf3	Leaf4	Median1to4
13054700	  46.4	42.4	47.2	48.8	46.8
13030800	  23.4	42.4	47.2	48.8	44.8
13037000	  16.5	17.1	18.5	15.7	16.8
13055200	  19.4	14.1	16.7	12.8	15.4
13031300		S.O.  46.1	43.5	43.9	43.9
13055500	  47.2	41.8	51.3	37.4	44.5

2D_Data	   Leaf1	   Leaf2	   Leaf3	   Leaf4	   Median1to4
13054700	49.122838	68.232646	63.607908	67.476626	65.542267
13030800	1.928262	90	      22.538358	28.741311	25.639834
13037000	14.667412	35.235731	68.503583	29.378144	32.306937
13055200	24.224875	9.710956	40.702495	39.26054	31.742707
13031300	28.405231	66.250056	48.709136	63.779792	56.244464
13055500	16.370923	81.196687	65.106332	87.860106	73.15151
